1	73591	0.0
1	221573	2.3255813953488373
1	307884	4.651162790697675
1	321107	6.976744186046512
1	331434	9.30232558139535
1	367946	11.627906976744185
1	450077	13.953488372093023
1	521936	16.27906976744186
1	566944	18.6046511627907
1	636052	20.930232558139537
1	677634	23.25581395348837
1	685082	25.581395348837212
1	703196	27.906976744186046
1	725322	30.23255813953488
1	805900	32.55813953488372
1	880911	34.883720930232556
1	900561	37.2093023255814
1	928182	39.53488372093023
1	1017968	41.86046511627907
1	1114250	44.18604651162791
1	1205525	46.51162790697674
1	1299886	48.837209302325576
1	1418290	51.162790697674424
1	1524570	53.48837209302325
1	1693798	55.81395348837209
1	2082520	58.139534883720934
1	2317599	60.46511627906976
1	2365339	62.7906976744186
1	2412111	65.11627906976744
1	2526449	67.44186046511628
1	2646789	69.76744186046511
1	2696500	72.09302325581395
1	2765851	74.4186046511628
1	2807589	76.74418604651163
1	2856756	79.06976744186046
1	2897249	81.3953488372093
1	2943294	83.72093023255815
1	3007547	86.04651162790698
1	3029615	88.37209302325581
1	3030704	90.69767441860465
1	3031793	93.02325581395348
1	3034030	95.34883720930233
1	3047274	97.67441860465115
1	3060509	100.0
1	3097612	102.32558139534885
1	3154238	104.65116279069768
1	3263579	106.9767441860465
1	3454898	109.30232558139534
1	3599351	111.62790697674419
1	3654329	113.95348837209302
1	3675860	116.27906976744187
1	3691032	118.6046511627907
1	3702039	120.93023255813952
1	3705151	125.5813953488372
1	3711021	130.2325581395349
1	3717185	132.5581395348837
1	3735709	134.88372093023256
1	3772150	137.2093023255814
1	3818818	139.53488372093022
1	3859420	141.86046511627907
1	3872725	144.1860465116279
1	3906833	146.51162790697674
1	4011257	148.8372093023256
1	4103141	151.1627906976744
1	4135487	153.48837209302326
1	4157988	155.8139534883721
1	4243975	158.13953488372093
1	4321253	160.46511627906978
1	4375557	162.7906976744186
1	4527052	165.11627906976744
1	4738293	167.4418604651163
1	5071763	169.7674418604651
1	5462304	172.09302325581396
1	5943080	174.41860465116278
1	6604588	176.74418604651163
1	6979353	179.06976744186048
1	7010629	181.3953488372093
1	7059876	183.72093023255815
1	7119978	186.04651162790697
1	7149335	188.37209302325581
1	7179175	190.69767441860466
1	7203636	193.0232558139535
1	7218406	195.3488372093023
1	7238087	197.67441860465115
1	7329169	200.0
1	7449156	202.32558139534885
1	7503087	204.6511627906977
1	7523695	206.97674418604652
1	7532807	209.30232558139537
1	7566503	211.6279069767442
1	7617867	213.953488372093
1	7665748	216.27906976744185
1	7718532	218.60465116279067
1	7769625	220.93023255813952
1	7845612	223.25581395348837
1	8003240	225.58139534883722
1	8130803	227.90697674418604
1	8150239	230.2325581395349
1	8170579	232.55813953488374
1	8199438	234.88372093023258
1	8228649	237.2093023255814
1	8303064	239.53488372093022
1	8369922	241.86046511627904
1	8447604	244.1860465116279
1	8538157	246.51162790697674
1	8703873	248.8372093023256
1	8999590	251.1627906976744
1	9187776	253.48837209302326
1	9293900	255.8139534883721
1	9368498	258.13953488372096
1	9399834	260.4651162790698
1	9437893	262.7906976744186
1	9482684	265.1162790697674
1	9547979	267.4418604651163
1	9629604	269.7674418604651
1	9802757	272.09302325581393
1	10051689	274.4186046511628
1	10206212	276.74418604651163
1	10247929	279.06976744186045
1	10306552	281.3953488372093
1	10373523	283.72093023255815
1	10407269	286.046511627907
1	10417411	288.3720930232558
1	10730741	290.6976744186046
1	11043825	293.0232558139535
1	11079999	295.3488372093023
1	11145633	297.6744186046512
1	11483803	300.0
1	11834772	302.3255813953488
1	11893706	304.6511627906977
1	11913077	306.9767441860465
1	11929118	309.3023255813954
1	12042109	311.6279069767442
1	12143679	313.953488372093
1	12208922	316.27906976744185
1	12309575	318.6046511627907
1	12599179	320.93023255813955
1	12864310	323.25581395348837
1	12919570	325.5813953488372
1	12980856	327.90697674418607
1	13647444	330.2325581395349
1	14346425	332.5581395348837
1	14396527	334.8837209302326
1	14398386	337.2093023255814
1	14407374	339.5348837209302
1	14430129	341.86046511627904
1	14477782	344.1860465116279
1	14516085	346.51162790697674
1	14567613	348.83720930232556
1	14764200	351.16279069767444
1	14959798	353.48837209302326
1	15005619	355.8139534883721
1	15033551	358.13953488372096
1	15062506	360.4651162790698
1	15154214	362.7906976744186
1	15272871	365.1162790697674
1	15324604	367.4418604651163
1	15348913	369.7674418604651
1	15394642	372.09302325581393
1	15450754	374.4186046511628
1	15485166	376.74418604651163
1	15522052	379.06976744186045
1	15545590	381.3953488372093
1	15555324	383.72093023255815
1	15557248	386.046511627907
1	15568045	388.3720930232558
1	15588288	390.6976744186046
1	15639222	393.0232558139535
1	15765297	395.3488372093023
1	15913756	397.6744186046512
1	16051875	400.0
1	16142341	402.3255813953488
1	16186325	404.6511627906977
1	16308227	406.9767441860465
1	16434413	409.3023255813954
1	16518568	411.6279069767442
1	16696869	413.95348837209303
1	16833434	416.2790697674419
1	16939823	418.60465116279073
1	17036606	420.93023255813955
1	17038471	423.2558139534884
1	17040336	425.5813953488372
1	17040343	427.906976744186
1	17095635	430.23255813953483
1	17151892	432.5581395348837
1	17161148	434.8837209302325
1	17218396	437.20930232558135
1	17267362	439.5348837209302
1	17268466	441.86046511627904
1	17269570	444.1860465116279
1	17269596	446.51162790697674
1	17492188	448.83720930232556
1	17728796	451.16279069767444
1	17757626	453.48837209302326
1	17787724	455.8139534883721
1	17811748	458.13953488372096
1	17824921	460.4651162790698
1	17832129	462.79069767441865
1	17889666	465.1162790697675
1	17970529	467.4418604651163
1	18031661	469.76744186046517
1	18104477	472.093023255814
1	18171310	474.4186046511628
1	18302060	476.7441860465116
1	18643719	479.06976744186045
1	18928334	481.39534883720927
1	19039841	483.7209302325581
1	19111044	486.04651162790697
1	19128071	488.3720930232558
1	19171428	490.6976744186046
1	19213839	493.0232558139535
1	19476389	495.3488372093023
1	19791337	497.6744186046512
1	20028669	500.0
1	20202785	502.3255813953488
1	20355762	504.6511627906977
1	20665836	506.9767441860465
1	20837207	509.3023255813954
1	20872678	511.6279069767442
1	21026031	513.953488372093
1	21162879	516.2790697674419
1	21186486	518.6046511627908
1	21209630	520.9302325581396
1	21266599	523.2558139534884
1	21327794	525.5813953488372
1	21339057	527.906976744186
1	21388468	530.2325581395348
1	21477914	532.5581395348837
1	21597286	534.8837209302326
1	21676774	537.2093023255813
1	21751238	539.5348837209302
1	21832289	541.8604651162791
1	21844895	544.1860465116279
1	21856725	546.5116279069767
1	21884362	548.8372093023256
1	21905569	551.1627906976744
1	22008659	553.4883720930233
1	22172187	555.8139534883721
1	22242939	558.1395348837209
1	22274622	560.4651162790698
1	22303335	562.7906976744187
1	22392243	565.1162790697674
1	22482656	567.4418604651163
1	22590827	569.7674418604652
1	22788534	572.093023255814
1	22888223	574.4186046511628
1	23022597	576.7441860465116
1	23236032	579.0697674418604
1	23354529	581.3953488372092
1	23410484	583.7209302325581
1	23507638	586.046511627907
1	23589308	588.3720930232558
1	23602632	590.6976744186046
1	23640798	593.0232558139535
1	23695896	595.3488372093024
1	23752733	597.6744186046511
1	23860814	600.0
1	23963708	602.3255813953489
1	24013292	604.6511627906976
1	24056537	606.9767441860465
1	24151404	609.3023255813954
1	24228039	611.6279069767442
1	24228751	613.953488372093
1	24291557	616.2790697674419
1	24372219	618.6046511627908
1	24408836	620.9302325581396
1	24438485	623.2558139534884
1	24462837	625.5813953488372
1	24480204	627.906976744186
1	24695548	630.2325581395348
1	24909328	632.5581395348837
1	24948419	634.8837209302326
1	25095695	637.2093023255813
1	25215575	639.5348837209302
1	25288139	641.8604651162791
1	25454573	644.1860465116279
1	25578849	646.5116279069767
1	25617633	648.8372093023256
1	25639325	651.1627906976744
1	25671800	653.4883720930233
1	25717657	655.8139534883721
1	25840287	658.1395348837209
1	25986591	660.4651162790698
1	26041361	662.7906976744187
1	26056352	665.1162790697674
1	26085335	667.4418604651163
1	26200682	669.7674418604652
1	26323847	672.093023255814
1	26465401	674.4186046511628
1	26574119	676.7441860465116
1	26615617	679.0697674418604
1	26654530	681.3953488372092
1	26679752	683.7209302325581
1	26722112	686.046511627907
1	26756344	688.3720930232558
1	26886182	690.6976744186046
1	27022408	693.0232558139535
1	27055703	695.3488372093024
1	27108767	697.6744186046511
1	27155146	700.0
1	27174802	702.3255813953489
1	27231128	704.6511627906976
1	27271206	706.9767441860465
1	27281657	709.3023255813954
1	27334347	711.6279069767442
1	27419217	713.953488372093
1	27472163	716.2790697674419
1	27483173	718.6046511627908
1	27618893	720.9302325581396
2	212585	0.0
2	427502	2.3255813953488373
2	491755	4.651162790697675
2	1082093	6.976744186046512
2	2144219	9.30232558139535
2	2690530	11.627906976744185
2	2709605	13.953488372093023
2	3147503	16.27906976744186
2	3606912	18.6046511627907
2	3658021	20.930232558139537
2	3691117	23.25581395348837
2	3734683	25.581395348837212
2	3812890	27.906976744186046
2	3984309	30.23255813953488
2	4157876	32.55813953488372
2	4206146	34.883720930232556
2	4227493	37.2093023255814
2	4271290	39.53488372093023
2	4310545	41.86046511627907
2	4331238	44.18604651162791
2	4341037	46.51162790697674
2	4488425	48.837209302325576
2	4654326	51.162790697674424
2	4811369	53.48837209302325
2	4952042	55.81395348837209
2	4972853	58.139534883720934
2	5099830	60.46511627906976
2	5308652	62.7906976744186
2	5454174	65.11627906976744
2	5559555	67.44186046511628
2	5650055	69.76744186046511
2	5694476	72.09302325581395
2	5742512	74.4186046511628
2	5780676	76.74418604651163
2	5841160	79.06976744186046
2	5957478	81.3953488372093
2	6024751	83.72093023255815
2	6041463	86.04651162790698
2	6112271	88.37209302325581
2	6183849	90.69767441860465
2	6190342	93.02325581395348
2	6193439	95.34883720930233
2	6342229	97.67441860465115
2	6512308	100.0
2	6536671	102.32558139534885
2	6582316	104.65116279069768
2	6759016	106.9767441860465
2	6986005	109.30232558139534
2	7133311	111.62790697674419
2	7249037	113.95348837209302
2	7378965	116.27906976744187
2	7446242	118.6046511627907
2	7449114	120.93023255813952
2	7480202	123.25581395348837
2	7528251	125.5813953488372
2	7558103	127.90697674418605
2	7628963	130.2325581395349
2	7690849	132.5581395348837
2	7727439	134.88372093023256
2	7803879	137.2093023255814
2	8027147	139.53488372093022
2	8331161	141.86046511627907
2	8487151	144.1860465116279
2	8524283	146.51162790697674
2	8566112	148.8372093023256
2	8627059	151.1627906976744
2	8692897	153.48837209302326
2	8800725	155.8139534883721
2	8907889	158.13953488372093
2	9017621	160.46511627906978
2	9349385	162.7906976744186
2	9698084	165.11627906976744
2	9783112	167.4418604651163
2	9821611	169.7674418604651
2	9863223	172.09302325581396
2	9871475	174.41860465116278
2	9891426	176.74418604651163
2	9913785	179.06976744186048
2	9923331	181.3953488372093
2	9929868	183.72093023255815
2	10109930	186.04651162790697
2	10329106	188.37209302325581
2	10491941	190.69767441860466
2	10620386	193.0232558139535
2	10716794	195.3488372093023
2	10804334	197.67441860465115
2	10821142	200.0
2	10859826	202.32558139534885
2	10971386	204.6511627906977
2	11106055	206.97674418604652
2	11238844	209.30232558139537
2	11352836	211.6279069767442
2	11385369	213.953488372093
2	11406328	216.27906976744185
2	11437854	218.60465116279067
2	11468359	220.93023255813952
2	11552307	223.25581395348837
2	11623586	225.58139534883722
2	11638312	227.90697674418604
2	11723697	230.2325581395349
2	11857750	232.55813953488374
2	11926946	234.88372093023258
2	11947549	237.2093023255814
2	11962850	239.53488372093022
2	12059361	241.86046511627904
2	12208313	244.1860465116279
2	12329053	246.51162790697674
2	12407047	248.8372093023256
2	12501592	251.1627906976744
2	12679035	253.48837209302326
2	12790411	255.8139534883721
2	12956663	258.13953488372096
2	13117289	260.4651162790698
2	13179778	262.7906976744186
2	13242108	265.1162790697674
2	13352881	267.4418604651163
2	13502657	269.7674418604651
2	13566687	272.09302325581393
2	13593386	274.4186046511628
2	13693680	276.74418604651163
2	13801855	279.06976744186045
2	13838886	281.3953488372093
2	13917274	283.72093023255815
2	14050538	286.046511627907
2	14127737	288.3720930232558
2	14138720	290.6976744186046
2	14143539	293.0232558139535
2	14193276	295.3488372093023
2	14354260	297.6744186046512
2	14509232	300.0
2	14560722	302.3255813953488
2	14575237	304.6511627906977
2	14597008	306.9767441860465
2	14612806	309.3023255813954
2	14623153	311.6279069767442
2	14668863	313.953488372093
2	14712686	316.27906976744185
2	14744234	318.6046511627907
2	14861499	320.93023255813955
2	14964791	323.25581395348837
2	14992283	325.5813953488372
2	15161094	327.90697674418607
2	15327815	330.2325581395349
2	15364260	332.5581395348837
2	15395269	334.8837209302326
2	15443319	337.2093023255814
2	15490891	339.5348837209302
2	15647112	341.86046511627904
2	15793964	344.1860465116279
2	15801628	346.51162790697674
2	15811643	348.83720930232556
2	15951967	351.16279069767444
3	735849	0.0
3	1546132	2.3255813953488373
3	1687559	4.651162790697675
3	1894214	6.976744186046512
3	2041269	9.30232558139535
3	2061725	11.627906976744185
3	2080103	13.953488372093023
3	2117288	16.27906976744186
3	2185515	18.6046511627907
3	2236235	20.930232558139537
3	2296364	23.25581395348837
3	2394521	25.581395348837212
3	2520743	27.906976744186046
3	2623831	30.23255813953488
3	2655119	32.55813953488372
3	2686519	34.883720930232556
3	2739392	37.2093023255814
3	2779572	39.53488372093023
3	2816851	41.86046511627907
3	2902153	44.18604651162791
3	2982718	46.51162790697674
3	3002686	48.837209302325576
3	3137104	51.162790697674424
3	3325919	53.48837209302325
3	3390276	55.81395348837209
3	3405917	58.139534883720934
3	3434002	60.46511627906976
3	3452306	62.7906976744186
3	3452647	65.11627906976744
3	3452988	67.44186046511628
3	3492051	69.76744186046511
3	3604570	72.09302325581395
3	3697818	74.4186046511628
3	3725868	76.74418604651163
3	3767160	79.06976744186046
3	3815115	81.3953488372093
3	3876633	83.72093023255815
3	3970358	86.04651162790698
3	4052908	88.37209302325581
3	4090328	90.69767441860465
3	4101445	93.02325581395348
3	4166025	95.34883720930233
3	4241523	97.67441860465115
3	4271639	100.0
3	4287015	102.32558139534885
3	4366902	104.65116279069768
3	4577024	106.9767441860465
3	4712556	109.30232558139534
3	4721688	111.62790697674419
3	4746531	113.95348837209302
3	4772795	116.27906976744187
3	4896875	118.6046511627907
3	5055213	120.93023255813952
3	5126024	123.25581395348837
3	5252806	125.5813953488372
3	5456721	127.90697674418605
3	5562345	130.2325581395349
3	5595545	132.5581395348837
3	5700139	134.88372093023256
3	5778749	137.2093023255814
3	5789816	139.53488372093022
3	5810716	141.86046511627907
3	5849812	144.1860465116279
3	5893540	146.51162790697674
3	5940890	148.8372093023256
3	5978297	151.1627906976744
3	5988684	153.48837209302326
3	6071164	155.8139534883721
3	6220772	158.13953488372093
3	6320137	160.46511627906978
3	6472060	162.7906976744186
3	6592882	167.4418604651163
3	6618137	172.09302325581396
3	6650898	174.41860465116278
3	6691093	176.74418604651163
3	6736364	179.06976744186048
3	6840772	181.3953488372093
3	7055954	183.72093023255815
3	7196932	186.04651162790697
3	7237242	188.37209302325581
3	7260896	190.69767441860466
3	7280120	193.0232558139535
3	7301937	195.3488372093023
3	7386417	197.67441860465115
3	7496883	200.0
3	7526425	204.6511627906977
3	7681531	209.30232558139537
3	7913497	211.6279069767442
3	7998101	213.953488372093
3	8013765	216.27906976744185
3	8122940	218.60465116279067
3	8319522	220.93023255813952
3	8419474	223.25581395348837
3	8458099	225.58139534883722
3	8519263	227.90697674418604
3	8559615	230.2325581395349
3	8580203	232.55813953488374
3	8626634	234.88372093023258
3	8726484	237.2093023255814
3	8814697	239.53488372093022
3	8860197	241.86046511627904
3	9013786	244.1860465116279
3	9155754	246.51162790697674
3	9178960	248.8372093023256
3	9201707	251.1627906976744
3	9222290	253.48837209302326
3	9314213	255.8139534883721
3	9399218	258.13953488372096
3	9409529	260.4651162790698
3	9421385	262.7906976744186
3	9455445	265.1162790697674
3	9519034	267.4418604651163
3	9565889	269.7674418604651
3	9612674	272.09302325581393
3	9698579	274.4186046511628
3	9822389	276.74418604651163
3	9953424	279.06976744186045
3	10013494	281.3953488372093
3	10092556	283.72093023255815
3	10244239	286.046511627907
3	10332288	288.3720930232558
3	10344415	290.6976744186046
3	10353992	293.0232558139535
3	10385961	295.3488372093023
3	10433340	297.6744186046512
3	10463596	300.0
3	10519100	302.3255813953488
3	10656459	304.6511627906977
3	10800352	306.9767441860465
3	10875282	309.3023255813954
3	10915334	311.6279069767442
3	10950684	313.953488372093
3	10968812	316.27906976744185
3	11008904	318.6046511627907
3	11131479	320.93023255813955
3	11242293	323.25581395348837
3	11290637	325.5813953488372
3	11370963	327.90697674418607
3	11442644	330.2325581395349
3	11471275	332.5581395348837
3	11514396	334.8837209302326
3	11544699	337.2093023255814
3	11552287	339.5348837209302
3	11563606	341.86046511627904
3	11590868	344.1860465116279
3	11807781	346.51162790697674
3	12016109	348.83720930232556
3	12041506	351.16279069767444
3	12076958	353.48837209302326
3	12126208	355.8139534883721
3	12285330	358.13953488372096
3	12461527	360.4651162790698
3	12557918	362.7906976744186
3	12667467	365.1162790697674
3	12747144	367.4418604651163
3	12817428	369.7674418604651
3	12883269	372.09302325581393
3	12902096	374.4186046511628
3	12932332	376.74418604651163
3	12962659	379.06976744186045
3	13061376	381.3953488372093
3	13217466	383.72093023255815
3	13326895	386.046511627907
3	13423371	388.3720930232558
3	13543731	390.6976744186046
4	113713	0.0
4	1369421	2.3255813953488373
4	2569742	4.651162790697675
4	2752856	6.976744186046512
4	2890391	9.30232558139535
4	2944998	11.627906976744185
4	3046930	13.953488372093023
4	3107003	16.27906976744186
4	3141924	18.6046511627907
4	3184149	20.930232558139537
4	3240923	23.25581395348837
4	3291833	25.581395348837212
4	3400907	27.906976744186046
4	3516769	30.23255813953488
4	3532962	32.55813953488372
4	3570807	34.883720930232556
4	3680478	37.2093023255814
4	3769728	39.53488372093023
4	3801823	41.86046511627907
4	3829224	44.18604651162791
4	3848716	46.51162790697674
4	3874739	48.837209302325576
4	3896334	51.162790697674424
4	3919099	53.48837209302325
4	4024003	55.81395348837209
4	4140757	58.139534883720934
4	4234832	60.46511627906976
4	4374674	62.7906976744186
4	4609811	65.11627906976744
4	4817670	67.44186046511628
4	4915937	69.76744186046511
4	4972043	72.09302325581395
4	4978625	74.4186046511628
4	5081981	76.74418604651163
4	5187198	79.06976744186046
4	5201703	81.3953488372093
4	5238570	83.72093023255815
4	5268730	86.04651162790698
4	5269082	88.37209302325581
4	5269434	90.69767441860465
4	5297172	93.02325581395348
4	5637528	95.34883720930233
4	5959287	97.67441860465115
4	6023307	100.0
4	6127949	102.32558139534885
4	6178746	104.65116279069768
4	6179783	106.9767441860465
4	6181349	109.30232558139534
4	6182916	111.62790697674419
4	6274508	113.95348837209302
4	6393272	116.27906976744187
4	6427794	118.6046511627907
4	6449717	120.93023255813952
4	6484562	123.25581395348837
4	6573728	125.5813953488372
4	6652191	127.90697674418605
4	6668774	130.2325581395349
4	6753802	132.5581395348837
4	6848300	134.88372093023256
4	6866450	137.2093023255814
4	6926466	139.53488372093022
4	6999049	141.86046511627907
4	7078920	144.1860465116279
4	7152938	146.51162790697674
4	7163741	148.8372093023256
4	7189813	151.1627906976744
4	7215016	153.48837209302326
4	7226565	155.8139534883721
4	7461543	158.13953488372093
4	7801749	160.46511627906978
4	7923268	162.7906976744186
4	7997573	165.11627906976744
4	8067199	167.4418604651163
4	8084307	169.7674418604651
4	8167192	172.09302325581396
4	8303625	174.41860465116278
4	8399568	176.74418604651163
4	8444146	179.06976744186048
4	8544110	181.3953488372093
4	8828153	183.72093023255815
4	9074715	186.04651162790697
4	9147467	188.37209302325581
4	9184075	190.69767441860466
4	9216280	193.0232558139535
4	9255890	195.3488372093023
4	9308959	197.67441860465115
4	9477267	200.0
4	9619280	202.32558139534885
4	9655712	204.6511627906977
4	9755935	206.97674418604652
4	9830489	209.30232558139537
4	9835800	211.6279069767442
4	9849194	213.953488372093
4	9869117	216.27906976744185
4	9889252	218.60465116279067
4	9973437	220.93023255813952
4	10086433	223.25581395348837
4	10135124	225.58139534883722
4	10414855	227.90697674418604
4	10746160	230.2325581395349
4	10811454	232.55813953488374
4	10825614	234.88372093023258
4	10888348	237.2093023255814
4	10984024	239.53488372093022
4	11033030	241.86046511627904
4	11045310	244.1860465116279
4	11066752	246.51162790697674
4	11160618	248.8372093023256
4	11269088	251.1627906976744
4	11305341	253.48837209302326
4	11315034	255.8139534883721
4	11324547	258.13953488372096
4	11341872	260.4651162790698
4	11375687	262.7906976744186
4	11404616	265.1162790697674
4	11415199	267.4418604651163
4	11519503	269.7674418604651
4	11661225	272.09302325581393
4	11740766	274.4186046511628
4	11783190	276.74418604651163
4	11801629	279.06976744186045
4	11846093	281.3953488372093
4	11879053	283.72093023255815
4	12028481	286.046511627907
4	12198439	288.3720930232558
4	12229774	290.6976744186046
4	12269414	293.0232558139535
4	12314025	295.3488372093023
4	12610741	297.6744186046512
4	12892184	300.0
4	12899394	302.3255813953488
4	12965213	304.6511627906977
4	13039191	306.9767441860465
4	13056585	309.3023255813954
4	13065229	311.6279069767442
4	13078916	313.953488372093
4	13094885	316.27906976744185
4	13187744	318.6046511627907
4	13338184	320.93023255813955
5	550408	0.0
5	1102745	2.3255813953488373
5	1127958	4.651162790697675
5	1236487	6.976744186046512
5	1388452	9.30232558139535
5	1642195	11.627906976744185
5	1841004	13.953488372093023
5	1896007	16.27906976744186
5	2058221	18.6046511627907
5	2178671	20.930232558139537
5	2196260	23.25581395348837
5	2291121	25.581395348837212
5	2400280	27.906976744186046
5	2457672	30.23255813953488
5	2538433	32.55813953488372
5	2612339	34.883720930232556
5	2658253	37.2093023255814
5	2690973	39.53488372093023
5	2747239	41.86046511627907
5	2807804	44.18604651162791
5	2933748	46.51162790697674
5	3118924	48.837209302325576
5	3258971	51.162790697674424
5	3347698	53.48837209302325
5	3390262	55.81395348837209
5	3431653	58.139534883720934
5	3460979	60.46511627906976
5	3786681	62.7906976744186
5	4152245	65.11627906976744
5	4206539	67.44186046511628
5	4368917	69.76744186046511
5	4545579	72.09302325581395
5	4582692	74.4186046511628
5	4612089	76.74418604651163
5	4826370	79.06976744186046
5	5059653	81.3953488372093
5	5185152	83.72093023255815
5	5299384	86.04651162790698
5	5339675	88.37209302325581
5	5484277	90.69767441860465
5	5637639	93.02325581395348
5	5759852	95.34883720930233
5	5935675	97.67441860465115
5	6061492	100.0
5	6118844	102.32558139534885
5	6167238	104.65116279069768
5	6231614	106.9767441860465
5	6296821	109.30232558139534
5	6353961	111.62790697674419
5	6435892	113.95348837209302
5	6633217	116.27906976744187
5	6781603	118.6046511627907
5	6815656	120.93023255813952
5	6845148	123.25581395348837
5	6853935	125.5813953488372
5	6919501	127.90697674418605
5	7104051	130.2325581395349
5	7364053	132.5581395348837
5	7514042	134.88372093023256
5	7563932	137.2093023255814
5	7769794	139.53488372093022
5	7998911	141.86046511627907
5	8062743	144.1860465116279
5	8078506	146.51162790697674
5	8107850	148.8372093023256
5	8179042	151.1627906976744
5	8276775	153.48837209302326
5	8330573	155.8139534883721
5	8394529	158.13953488372093
5	8496352	160.46511627906978
5	8554138	162.7906976744186
5	8642369	165.11627906976744
5	8876411	167.4418604651163
5	9071657	169.7674418604651
5	9204783	172.09302325581396
5	9300547	174.41860465116278
5	9304213	176.74418604651163
5	9309061	179.06976744186048
5	9454104	181.3953488372093
5	9607266	183.72093023255815
5	9631372	186.04651162790697
5	9647273	188.37209302325581
5	9662088	190.69767441860466
5	9726578	193.0232558139535
5	9880770	195.3488372093023
5	9985872	197.67441860465115
5	10081878	200.0
5	10198798	202.32558139534885
5	10227641	204.6511627906977
5	10236347	206.97674418604652
5	10312376	209.30232558139537
5	10468704	211.6279069767442
5	10560842	213.953488372093
5	10576626	216.27906976744185
5	10620326	218.60465116279067
5	10675042	220.93023255813952
5	10752847	223.25581395348837
5	10934326	225.58139534883722
5	11095482	227.90697674418604
5	11160818	230.2325581395349
5	11190946	232.55813953488374
5	11198870	234.88372093023258
5	11252607	237.2093023255814
5	11405806	239.53488372093022
5	11511508	241.86046511627904
5	11526704	244.1860465116279
5	11552108	246.51162790697674
5	11575756	248.8372093023256
5	11735430	251.1627906976744
5	12016503	253.48837209302326
5	12219552	255.8139534883721
5	12357446	258.13953488372096
5	12430677	260.4651162790698
5	12454244	262.7906976744186
5	12630215	265.1162790697674
5	12889626	267.4418604651163
5	12991624	269.7674418604651
5	13259495	272.09302325581393
5	13528508	274.4186046511628
5	13541659	276.74418604651163
5	13562870	279.06976744186045
5	13635717	281.3953488372093
5	13730276	283.72093023255815
5	13764343	286.046511627907
5	13831895	288.3720930232558
6	867754	0.0
6	1812265	2.3255813953488373
6	1893198	4.651162790697675
6	1967505	6.976744186046512
6	2039276	9.30232558139535
6	2044634	11.627906976744185
6	2095053	13.953488372093023
6	2298343	16.27906976744186
6	2476321	18.6046511627907
6	2663151	20.930232558139537
6	2913595	23.25581395348837
6	3010794	25.581395348837212
6	3033887	27.906976744186046
6	3097890	30.23255813953488
6	3375077	32.55813953488372
6	3776491	34.883720930232556
6	3962058	37.2093023255814
6	3979954	39.53488372093023
6	3997700	41.86046511627907
6	4009465	44.18604651162791
6	4019190	46.51162790697674
6	4177963	48.837209302325576
6	4386041	51.162790697674424
6	4703155	53.48837209302325
6	4996779	55.81395348837209
6	5057337	58.139534883720934
6	5090621	60.46511627906976
6	5106949	62.7906976744186
6	5428709	65.11627906976744
6	5753293	67.44186046511628
6	5827649	69.76744186046511
6	5973549	72.09302325581395
6	6194274	74.4186046511628
6	6436144	76.74418604651163
6	6609203	79.06976744186046
6	6688401	81.3953488372093
6	6708616	83.72093023255815
6	6726201	86.04651162790698
6	6738381	88.37209302325581
6	6805277	90.69767441860465
6	6914113	93.02325581395348
6	6975494	95.34883720930233
6	7113032	97.67441860465115
6	7248469	100.0
6	7266071	102.32558139534885
6	7272684	104.65116279069768
6	7409289	106.9767441860465
6	7686286	109.30232558139534
6	7853649	111.62790697674419
6	8061548	113.95348837209302
6	8275058	116.27906976744187
6	8361368	118.6046511627907
6	8516954	120.93023255813952
6	8649431	123.25581395348837
6	8745955	125.5813953488372
6	8994114	127.90697674418605
6	9255962	130.2325581395349
6	9339763	132.5581395348837
6	9359533	134.88372093023256
6	9450143	137.2093023255814
6	9549028	139.53488372093022
6	9578921	141.86046511627907
6	9627038	144.1860465116279
6	9666014	146.51162790697674
6	9709326	148.8372093023256
6	9777939	151.1627906976744
6	9871318	153.48837209302326
6	10039696	155.8139534883721
6	10147703	158.13953488372093
6	10157914	160.46511627906978
6	10426111	162.7906976744186
6	10767614	165.11627906976744
6	10854127	167.4418604651163
6	10929676	169.7674418604651
6	11021911	172.09302325581396
6	11162711	174.41860465116278
6	11283838	176.74418604651163
6	11326376	179.06976744186048
6	11367781	181.3953488372093
6	11441072	183.72093023255815
6	11604277	186.04651162790697
6	11745801	188.37209302325581
6	11841331	190.69767441860466
6	11959368	193.0232558139535
6	12045984	195.3488372093023
6	12063216	197.67441860465115
6	12157158	200.0
6	12310806	202.32558139534885
6	12656613	204.6511627906977
6	13228386	206.97674418604652
6	13528376	209.30232558139537
6	13549242	211.6279069767442
6	13561203	213.953488372093
6	13591404	216.27906976744185
6	13628471	218.60465116279067
6	13644377	220.93023255813952
6	13684697	223.25581395348837
6	13739857	225.58139534883722
6	13764356	227.90697674418604
6	13783904	230.2325581395349
6	13908044	232.55813953488374
6	14036757	234.88372093023258
6	14055577	237.2093023255814
6	14111496	239.53488372093022
6	14210327	241.86046511627904
6	14399354	244.1860465116279
6	14546539	246.51162790697674
6	14588073	248.8372093023256
6	14633496	251.1627906976744
6	14712779	253.48837209302326
6	14788618	255.8139534883721
6	14793560	258.13953488372096
6	14802334	260.4651162790698
6	14907012	262.7906976744186
6	15055048	265.1162790697674
6	15119060	267.4418604651163
6	15136002	269.7674418604651
6	15142012	272.09302325581393
6	15180025	274.4186046511628
6	15216368	276.74418604651163
6	15225475	279.06976744186045
6	15256318	281.3953488372093
6	15283482	283.72093023255815
6	15349975	286.046511627907
6	15502646	288.3720930232558
6	15891827	290.6976744186046
6	16191477	293.0232558139535
6	16418850	295.3488372093023
6	16655760	297.6744186046512
6	16700204	300.0
6	16912847	302.3255813953488
6	17098747	304.6511627906977
6	17114881	306.9767441860465
6	17127872	309.3023255813954
6	17133480	311.6279069767442
6	17141593	313.953488372093
6	17155331	316.27906976744185
6	17182513	318.6046511627907
6	17203489	320.93023255813955
6	17237235	323.25581395348837
6	17275880	325.5813953488372
6	17288843	327.90697674418607
6	17311200	330.2325581395349
6	17328768	332.5581395348837
6	17339666	334.8837209302326
6	17357699	337.2093023255814
6	17372137	339.5348837209302
6	17392310	341.86046511627904
6	17439564	344.1860465116279
6	17470792	346.51162790697674
6	17490589	348.83720930232556
6	17574872	351.16279069767444
6	17642371	353.48837209302326
6	17651171	355.8139534883721
6	17680633	358.13953488372096
6	17746699	360.4651162790698
7	30283	0.0
7	61347	2.3255813953488373
7	109009	4.651162790697675
7	198127	6.976744186046512
7	294904	9.30232558139535
7	472866	11.627906976744185
7	651712	13.953488372093023
7	764648	16.27906976744186
7	890894	18.6046511627907
7	983684	20.930232558139537
7	1056776	23.25581395348837
7	1142862	25.581395348837212
7	1181622	27.906976744186046
7	1191104	30.23255813953488
7	1352096	32.55813953488372
7	1680676	34.883720930232556
7	1881291	37.2093023255814
7	1920411	39.53488372093023
7	1985142	41.86046511627907
7	2037261	44.18604651162791
7	2051972	46.51162790697674
7	2077573	48.837209302325576
7	2113415	51.162790697674424
7	2269915	53.48837209302325
7	2448571	55.81395348837209
7	2526886	58.139534883720934
7	2624719	60.46511627906976
7	2733204	62.7906976744186
7	2794261	65.11627906976744
7	2819831	67.44186046511628
7	2838027	69.76744186046511
7	2853756	72.09302325581395
7	2860800	74.4186046511628
7	2892401	76.74418604651163
7	2944948	79.06976744186046
7	2995406	81.3953488372093
7	3050867	83.72093023255815
7	3109778	86.04651162790698
7	3144225	88.37209302325581
7	3150050	90.69767441860465
7	3165938	93.02325581395348
7	3192205	95.34883720930233
7	3230991	97.67441860465115
7	3270816	100.0
7	3434984	102.32558139534885
7	3593438	104.65116279069768
7	3601595	106.9767441860465
7	3688794	109.30232558139534
7	3778198	111.62790697674419
7	4037627	113.95348837209302
7	6057425	116.27906976744187
7	7847045	118.6046511627907
7	7911449	120.93023255813952
7	8127071	123.25581395348837
7	8346870	125.5813953488372
7	8395898	127.90697674418605
7	8433759	130.2325581395349
7	8478837	132.5581395348837
7	8508981	134.88372093023256
7	8944982	137.2093023255814
7	9380297	139.53488372093022
7	9443245	141.86046511627907
7	9635433	144.1860465116279
7	9795674	146.51162790697674
7	9831075	148.8372093023256
7	9885182	151.1627906976744
7	9926399	153.48837209302326
7	9965168	155.8139534883721
7	10003105	158.13953488372093
7	10083954	160.46511627906978
7	10170903	162.7906976744186
7	10260084	165.11627906976744
7	10345735	167.4418604651163
7	10378058	169.7674418604651
7	10422603	172.09302325581396
7	10567241	174.41860465116278
7	10705471	176.74418604651163
7	10723633	179.06976744186048
7	10761348	181.3953488372093
7	10811471	183.72093023255815
7	10835323	186.04651162790697
7	10863030	188.37209302325581
7	10893498	190.69767441860466
7	11063702	193.0232558139535
7	11235583	195.3488372093023
7	11255054	197.67441860465115
7	11308704	200.0
7	11386603	202.32558139534885
7	11478501	204.6511627906977
7	11563186	206.97674418604652
7	11658160	209.30232558139537
7	11734299	211.6279069767442
7	11740648	213.953488372093
7	11798019	216.27906976744185
7	11863393	218.60465116279067
7	11884463	220.93023255813952
7	11952735	223.25581395348837
7	12087181	225.58139534883722
7	12391044	227.90697674418604
7	12701048	230.2325581395349
7	12790593	232.55813953488374
7	12799500	234.88372093023258
7	12835226	237.2093023255814
7	12878076	239.53488372093022
7	12909313	241.86046511627904
7	12936181	244.1860465116279
7	12994978	246.51162790697674
7	13057974	248.8372093023256
7	13143272	251.1627906976744
7	13222436	253.48837209302326
7	13455943	255.8139534883721
7	13791435	258.13953488372096
7	13899241	260.4651162790698
7	13935533	262.7906976744186
7	13993515	265.1162790697674
7	14107183	267.4418604651163
8	225658	0.0
8	499038	2.3255813953488373
8	605801	4.651162790697675
8	690512	6.976744186046512
8	731155	9.30232558139535
8	775387	11.627906976744185
8	825260	13.953488372093023
8	868258	16.27906976744186
8	909956	18.6046511627907
8	953457	20.930232558139537
8	1020816	23.25581395348837
8	1102087	25.581395348837212
8	1146676	27.906976744186046
8	1219945	30.23255813953488
8	1341749	32.55813953488372
8	1955611	34.883720930232556
8	2608108	37.2093023255814
8	2712984	39.53488372093023
8	2817893	41.86046511627907
8	2963266	44.18604651162791
8	3036621	46.51162790697674
8	3063992	48.837209302325576
8	3080159	51.162790697674424
8	3091904	53.48837209302325
8	3103980	55.81395348837209
8	3133292	58.139534883720934
8	3154772	60.46511627906976
8	3171700	62.7906976744186
8	3248995	65.11627906976744
8	3331663	67.44186046511628
8	3364818	69.76744186046511
8	3382482	72.09302325581395
8	3504412	74.4186046511628
8	3624359	76.74418604651163
8	3634892	79.06976744186046
8	3656653	81.3953488372093
8	3820501	83.72093023255815
8	4085244	86.04651162790698
8	4302604	88.37209302325581
8	4449906	90.69767441860465
8	4494050	93.02325581395348
8	4604094	95.34883720930233
8	4741784	97.67441860465115
8	4847993	100.0
8	4934336	102.32558139534885
8	5132761	104.65116279069768
8	5340439	106.9767441860465
8	5423334	109.30232558139534
8	5516908	111.62790697674419
8	5601276	113.95348837209302
8	5659790	116.27906976744187
8	5670919	118.6046511627907
8	5711754	120.93023255813952
8	5744712	123.25581395348837
8	5759041	125.5813953488372
8	5893841	127.90697674418605
8	6017874	130.2325581395349
8	6029037	132.5581395348837
8	6047473	134.88372093023256
8	6059186	137.2093023255814
8	6064406	139.53488372093022
8	6077442	141.86046511627907
8	6436534	144.1860465116279
8	6964811	146.51162790697674
8	7283870	148.8372093023256
8	7426055	151.1627906976744
8	7451190	153.48837209302326
8	7665490	155.8139534883721
8	7863006	158.13953488372093
8	7911249	160.46511627906978
8	7959600	162.7906976744186
8	7985103	165.11627906976744
8	8017413	167.4418604651163
8	8039087	169.7674418604651
8	8088631	172.09302325581396
8	8155281	174.41860465116278
8	8244195	176.74418604651163
8	8319125	179.06976744186048
8	8338521	181.3953488372093
8	8362422	183.72093023255815
8	8385414	186.04651162790697
8	8392870	188.37209302325581
8	8741746	190.69767441860466
8	9307041	193.0232558139535
8	9556372	195.3488372093023
8	9593447	197.67441860465115
8	9630171	200.0
8	9741013	202.32558139534885
8	9839647	204.6511627906977
8	9912588	206.97674418604652
8	9967128	209.30232558139537
8	10049323	211.6279069767442
8	10213174	213.953488372093
8	10358831	216.27906976744185
8	10469001	218.60465116279067
8	10564069	220.93023255813952
8	10688528	223.25581395348837
8	10769834	225.58139534883722
8	10791485	227.90697674418604
8	10956125	230.2325581395349
8	11116836	232.55813953488374
8	11267853	234.88372093023258
8	11437089	237.2093023255814
8	11490964	239.53488372093022
8	11587012	241.86046511627904
8	12043331	244.1860465116279
8	12442179	246.51162790697674
8	12466866	248.8372093023256
8	12509040	251.1627906976744
8	12559767	253.48837209302326
8	12626008	255.8139534883721
8	12696196	258.13953488372096
9	1269239	0.0
9	2788878	2.3255813953488373
9	3083094	4.651162790697675
9	3226417	6.976744186046512
9	3371303	9.30232558139535
9	3457599	11.627906976744185
9	3508873	13.953488372093023
9	3586917	16.27906976744186
9	3663784	18.6046511627907
9	3715206	20.930232558139537
9	3966957	23.25581395348837
9	4256491	25.581395348837212
9	4348652	27.906976744186046
9	4378757	30.23255813953488
9	4404432	32.55813953488372
9	4519605	34.883720930232556
9	4637406	37.2093023255814
9	4710790	39.53488372093023
9	4814700	41.86046511627907
9	5001578	44.18604651162791
9	5214660	46.51162790697674
9	5294635	48.837209302325576
9	5395507	51.162790697674424
9	5613821	53.48837209302325
9	5831125	55.81395348837209
9	5928400	58.139534883720934
9	5941488	60.46511627906976
9	5992792	62.7906976744186
9	6042238	65.11627906976744
9	6460846	67.44186046511628
9	6924234	69.76744186046511
9	7165021	72.09302325581395
9	7470689	74.4186046511628
9	7597181	76.74418604651163
9	7624760	79.06976744186046
9	7712761	81.3953488372093
9	7877666	83.72093023255815
9	7970184	86.04651162790698
9	8012063	88.37209302325581
9	8056020	90.69767441860465
9	8138281	93.02325581395348
9	8223897	95.34883720930233
9	8267501	97.67441860465115
9	8344538	100.0
9	8499815	102.32558139534885
9	8646183	104.65116279069768
9	8710331	106.9767441860465
9	8776182	109.30232558139534
9	8830066	111.62790697674419
9	8864584	113.95348837209302
9	8882416	116.27906976744187
9	8896780	118.6046511627907
9	9052010	120.93023255813952
9	9264750	123.25581395348837
9	9338961	125.5813953488372
9	9360822	127.90697674418605
9	9392111	130.2325581395349
9	9443560	132.5581395348837
9	9531824	134.88372093023256
9	9607051	137.2093023255814
9	9660444	139.53488372093022
9	9766302	141.86046511627907
9	9886224	144.1860465116279
9	9948988	146.51162790697674
9	9997575	148.8372093023256
9	10067907	151.1627906976744
9	10201753	153.48837209302326
9	10324249	155.8139534883721
9	10408896	158.13953488372093
9	10465795	160.46511627906978
9	10504676	162.7906976744186
9	10579804	165.11627906976744
9	10670622	167.4418604651163
9	10739215	169.7674418604651
9	10756334	172.09302325581396
9	10812198	174.41860465116278
9	10876518	176.74418604651163
9	11036373	179.06976744186048
9	11205571	181.3953488372093
9	11249464	183.72093023255815
9	11311430	186.04651162790697
9	11348691	188.37209302325581
9	11439036	190.69767441860466
9	11582465	193.0232558139535
9	11637576	195.3488372093023
9	11654248	197.67441860465115
9	11670898	200.0
9	11760375	202.32558139534885
9	11861778	204.6511627906977
9	11953158	206.97674418604652
9	12064694	209.30232558139537
9	12098554	211.6279069767442
9	12102637	213.953488372093
9	12107744	216.27906976744185
9	12156986	218.60465116279067
9	12217221	220.93023255813952
9	12292489	223.25581395348837
10	289093	0.0
10	610196	2.3255813953488373
10	1179828	4.651162790697675
10	1720115	6.976744186046512
10	1769946	9.30232558139535
10	1825531	11.627906976744185
10	1835945	13.953488372093023
10	1861793	16.27906976744186
10	1899180	18.6046511627907
10	1970685	20.930232558139537
10	2117842	23.25581395348837
10	2299089	25.581395348837212
10	2391151	27.906976744186046
10	2406192	30.23255813953488
10	2548847	32.55813953488372
10	2724046	34.883720930232556
10	2851975	37.2093023255814
10	3111728	39.53488372093023
10	3319153	41.86046511627907
10	3378279	44.18604651162791
10	3424943	46.51162790697674
10	3565699	48.837209302325576
10	3694260	51.162790697674424
10	3807693	53.48837209302325
10	3942070	55.81395348837209
10	3975914	58.139534883720934
10	3991671	60.46511627906976
10	4117376	62.7906976744186
10	4244558	65.11627906976744
10	4295471	67.44186046511628
10	4393174	69.76744186046511
10	4448926	72.09302325581395
10	4454883	74.4186046511628
10	4878856	76.74418604651163
10	5328682	79.06976744186046
10	5723789	81.3953488372093
10	6091709	83.72093023255815
10	6098535	86.04651162790698
10	6131382	88.37209302325581
10	6162355	90.69767441860465
10	6179129	93.02325581395348
10	6208326	95.34883720930233
10	6223777	97.67441860465115
10	6226660	100.0
10	6234550	102.32558139534885
10	6241320	104.65116279069768
10	6245846	106.9767441860465
10	6272468	109.30232558139534
10	6328056	111.62790697674419
10	6457943	113.95348837209302
10	6586757	116.27906976744187
10	6633810	118.6046511627907
10	6652750	120.93023255813952
10	6669756	123.25581395348837
10	6703235	125.5813953488372
10	6737336	127.90697674418605
10	6754133	130.2325581395349
10	6827161	132.5581395348837
10	6948341	134.88372093023256
10	7078083	137.2093023255814
10	7305521	139.53488372093022
10	7479384	141.86046511627907
10	7507204	144.1860465116279
10	7566345	146.51162790697674
10	7626764	148.8372093023256
10	7635528	151.1627906976744
10	7701996	153.48837209302326
10	7780649	155.8139534883721
10	7805163	158.13953488372093
10	7828433	160.46511627906978
10	7859579	162.7906976744186
10	7877708	165.11627906976744
10	7908657	167.4418604651163
10	8111012	169.7674418604651
10	8294411	172.09302325581396
10	8311212	174.41860465116278
10	8329165	176.74418604651163
10	8399195	179.06976744186048
10	8588303	181.3953488372093
10	8813501	183.72093023255815
10	8940725	186.04651162790697
10	8975499	188.37209302325581
10	9023342	190.69767441860466
10	9074485	193.0232558139535
10	9092212	195.3488372093023
10	9108826	197.67441860465115
10	9123647	200.0
10	9133300	202.32558139534885
10	9138555	204.6511627906977
10	9192958	206.97674418604652
10	9273066	209.30232558139537
10	9306410	211.6279069767442
10	9371902	213.953488372093
10	9512915	216.27906976744185
10	9600578	218.60465116279067
10	9611951	220.93023255813952
10	9630006	223.25581395348837
10	9647532	225.58139534883722
10	9660656	227.90697674418604
10	9681501	230.2325581395349
10	9696868	232.55813953488374
10	9704527	234.88372093023258
10	9715626	237.2093023255814
10	9728209	239.53488372093022
10	9754061	241.86046511627904
10	9785570	244.1860465116279
10	9960989	246.51162790697674
10	10131764	248.8372093023256
10	10135584	251.1627906976744
10	10139829	253.48837209302326
10	10157974	255.8139534883721
10	10188965	258.13953488372096
10	10281520	260.4651162790698
10	10431114	262.7906976744186
10	10581080	265.1162790697674
10	10752945	267.4418604651163
10	10867415	269.7674418604651
10	10907969	272.09302325581393
10	10973100	274.4186046511628
10	11039748	276.74418604651163
10	11068667	279.06976744186045
10	11131128	281.3953488372093
10	11353935	283.72093023255815
10	11555793	286.046511627907
10	11616780	288.3720930232558
10	11659059	290.6976744186046
10	11708437	293.0232558139535
10	11767933	295.3488372093023
10	11891895	297.6744186046512
10	12062447	300.0
10	12149661	302.3255813953488
10	12169171	304.6511627906977
10	12194760	306.9767441860465
10	12214052	309.3023255813954
10	12287052	311.6279069767442
11	25349	0.0
11	64714	2.3255813953488373
11	158228	4.651162790697675
11	260342	6.976744186046512
11	287032	9.30232558139535
11	317523	11.627906976744185
11	357211	13.953488372093023
11	426076	16.27906976744186
11	490309	18.6046511627907
11	553370	20.930232558139537
11	684897	23.25581395348837
11	965352	25.581395348837212
11	1208827	27.906976744186046
11	1272066	30.23255813953488
11	1358650	32.55813953488372
11	1447528	34.883720930232556
11	1482820	37.2093023255814
11	1535983	39.53488372093023
11	1623598	41.86046511627907
11	1671484	44.18604651162791
11	1689067	46.51162790697674
11	1705337	48.837209302325576
11	1707591	51.162790697674424
11	1716804	53.48837209302325
11	1732458	55.81395348837209
11	1741815	58.139534883720934
11	1789711	60.46511627906976
11	1857142	62.7906976744186
11	1927777	65.11627906976744
11	2145647	67.44186046511628
11	2361067	69.76744186046511
11	2588631	72.09302325581395
11	2823103	74.4186046511628
11	2885666	76.74418604651163
11	2960844	79.06976744186046
11	3099327	81.3953488372093
11	3348897	83.72093023255815
11	5427936	86.04651162790698
11	7332045	88.37209302325581
11	7379174	90.69767441860465
11	7440757	93.02325581395348
11	7521584	95.34883720930233
11	7597566	97.67441860465115
11	7608601	100.0
11	7609343	102.32558139534885
11	7610085	104.65116279069768
11	7614725	106.9767441860465
11	7653714	109.30232558139534
11	7717549	111.62790697674419
11	7806593	113.95348837209302
11	7879481	116.27906976744187
11	7893773	118.6046511627907
11	8121218	120.93023255813952
11	8366932	123.25581395348837
11	8398609	125.5813953488372
11	8818830	127.90697674418605
11	9237785	130.2325581395349
11	9379258	132.5581395348837
11	9519317	134.88372093023256
11	9556385	137.2093023255814
11	9616754	139.53488372093022
11	9676517	141.86046511627907
11	9708790	144.1860465116279
11	9732579	146.51162790697674
11	9754540	148.8372093023256
11	9760164	151.1627906976744
11	9785427	153.48837209302326
11	9957118	155.8139534883721
11	10125882	158.13953488372093
11	10151047	160.46511627906978
11	10202975	162.7906976744186
11	10271251	165.11627906976744
11	10295286	167.4418604651163
11	10305266	169.7674418604651
11	10323742	172.09302325581396
11	10364145	174.41860465116278
11	10396443	176.74418604651163
11	10458391	179.06976744186048
11	10612626	181.3953488372093
11	10778847	183.72093023255815
11	10862312	186.04651162790697
11	10885210	188.37209302325581
11	10903856	190.69767441860466
11	10926178	193.0232558139535
11	10973838	195.3488372093023
11	11101309	197.67441860465115
11	11206068	200.0
11	11284914	202.32558139534885
11	11373911	204.6511627906977
11	11451473	206.97674418604652
11	11511967	209.30232558139537
11	11520718	211.6279069767442
11	11531900	213.953488372093
11	11541129	216.27906976744185
11	11616618	218.60465116279067
11	11778179	220.93023255813952
11	11877955	223.25581395348837
11	11932325	225.58139534883722
11	11977479	227.90697674418604
11	12025347	230.2325581395349
11	12083614	232.55813953488374
11	12096066	234.88372093023258
11	12099901	237.2093023255814
11	12118652	239.53488372093022
11	12318760	241.86046511627904
11	12517255	244.1860465116279
11	12593974	246.51162790697674
11	12658926	248.8372093023256
11	12668999	251.1627906976744
11	12722529	253.48837209302326
11	12768496	255.8139534883721
11	12800509	258.13953488372096
11	12833801	260.4651162790698
11	12922022	262.7906976744186
11	13060343	265.1162790697674
11	13130818	267.4418604651163
11	13164320	269.7674418604651
11	13179703	272.09302325581393
11	13208583	274.4186046511628
11	13285318	276.74418604651163
11	13334024	279.06976744186045
11	13342008	281.3953488372093
11	13357380	283.72093023255815
11	13422429	286.046511627907
11	13640490	288.3720930232558
11	13839823	290.6976744186046
11	13930607	293.0232558139535
11	14002950	295.3488372093023
11	14033821	297.6744186046512
11	14106529	300.0
11	14222225	302.3255813953488
11	14305210	304.6511627906977
11	14416528	306.9767441860465
11	14585067	309.3023255813954
11	15108802	311.6279069767442
11	15641646	313.953488372093
11	15751807	316.27906976744185
11	15776921	318.6046511627907
11	15787480	320.93023255813955
11	15946766	323.25581395348837
11	16151340	325.5813953488372
11	16223113	327.90697674418607
11	16300844	330.2325581395349
12	52063	0.0
12	116393	2.3255813953488373
12	132573	4.651162790697675
12	208261	6.976744186046512
12	293964	9.30232558139535
12	312474	11.627906976744185
12	335272	13.953488372093023
12	390685	16.27906976744186
12	436647	18.6046511627907
12	455356	20.930232558139537
12	504704	23.25581395348837
12	562886	25.581395348837212
12	626184	27.906976744186046
12	689700	30.23255813953488
12	712815	32.55813953488372
12	849468	34.883720930232556
12	1149967	37.2093023255814
12	1669328	39.53488372093023
12	2079264	41.86046511627907
12	2164920	44.18604651162791
12	2860801	46.51162790697674
12	3794736	48.837209302325576
12	4074523	51.162790697674424
12	4123916	53.48837209302325
12	4176583	55.81395348837209
12	4197507	58.139534883720934
12	4206918	60.46511627906976
12	4260007	62.7906976744186
12	4360384	65.11627906976744
12	4497005	67.44186046511628
12	4628753	69.76744186046511
12	4721122	72.09302325581395
12	4809759	74.4186046511628
12	4877029	76.74418604651163
12	4954735	79.06976744186046
12	5086917	81.3953488372093
12	5166502	83.72093023255815
12	5246196	86.04651162790698
12	5348865	88.37209302325581
12	5397237	90.69767441860465
12	5480959	93.02325581395348
12	5583104	95.34883720930233
12	5626688	97.67441860465115
12	5648922	100.0
12	5761686	102.32558139534885
12	5939821	104.65116279069768
12	6041865	106.9767441860465
12	6110139	109.30232558139534
12	6162318	111.62790697674419
12	6180188	113.95348837209302
12	6202148	116.27906976744187
12	6256102	118.6046511627907
12	6341653	120.93023255813952
12	6444181	123.25581395348837
12	6588114	125.5813953488372
12	6685994	127.90697674418605
12	6706899	130.2325581395349
12	6763172	132.5581395348837
12	6823245	134.88372093023256
12	6843717	137.2093023255814
12	6915574	139.53488372093022
12	6992281	141.86046511627907
12	7202288	144.1860465116279
12	7426529	146.51162790697674
12	7466281	148.8372093023256
12	7528126	151.1627906976744
12	7585756	153.48837209302326
12	7795433	155.8139534883721
12	8059732	158.13953488372093
12	8132877	160.46511627906978
12	8219975	162.7906976744186
12	8351396	165.11627906976744
12	8473984	167.4418604651163
12	8647136	169.7674418604651
12	8828990	172.09302325581396
12	8971966	174.41860465116278
12	9089845	176.74418604651163
12	9236063	179.06976744186048
12	9364688	181.3953488372093
12	9410083	183.72093023255815
12	9445216	186.04651162790697
12	9486468	188.37209302325581
12	9528834	190.69767441860466
12	9549174	193.0232558139535
12	9608877	195.3488372093023
12	9684436	197.67441860465115
12	9908005	200.0
12	10134189	202.32558139534885
12	10175265	204.6511627906977
12	10211198	206.97674418604652
12	10242532	209.30232558139537
12	10263320	211.6279069767442
12	10303223	213.953488372093
12	10435965	216.27906976744185
12	10664305	218.60465116279067
12	10801750	220.93023255813952
12	10834633	223.25581395348837
12	10861717	225.58139534883722
12	10865641	227.90697674418604
12	10885033	230.2325581395349
12	10936478	232.55813953488374
12	11000938	234.88372093023258
12	11069949	237.2093023255814
12	11116013	239.53488372093022
12	11136428	241.86046511627904
12	11164056	244.1860465116279
12	11191764	246.51162790697674
12	11290336	248.8372093023256
12	11444967	251.1627906976744
13	107049	0.0
13	250759	2.3255813953488373
13	314945	4.651162790697675
13	350021	6.976744186046512
13	372608	9.30232558139535
13	1315320	11.627906976744185
13	2369234	13.953488372093023
13	2502382	16.27906976744186
13	2515111	18.6046511627907
13	2552891	20.930232558139537
13	2592612	23.25581395348837
13	2643386	25.581395348837212
13	2697511	27.906976744186046
13	2735187	30.23255813953488
13	2766317	32.55813953488372
13	2794866	34.883720930232556
13	2832478	37.2093023255814
13	2886080	39.53488372093023
13	2948815	41.86046511627907
13	2985529	44.18604651162791
13	3047343	46.51162790697674
13	3095410	48.837209302325576
13	3102590	51.162790697674424
13	3122479	53.48837209302325
13	3195302	55.81395348837209
13	3260941	58.139534883720934
13	3307166	60.46511627906976
13	3378253	62.7906976744186
13	3460398	65.11627906976744
13	3512300	67.44186046511628
13	3563400	69.76744186046511
13	3615464	72.09302325581395
13	3620244	74.4186046511628
13	3631016	76.74418604651163
13	3710283	79.06976744186046
13	3915133	81.3953488372093
13	4141643	83.72093023255815
13	4245463	86.04651162790698
13	4269060	88.37209302325581
13	4327294	90.69767441860465
13	4373081	93.02325581395348
13	4436308	95.34883720930233
13	4563621	97.67441860465115
13	4632983	100.0
13	4679620	102.32558139534885
13	4729098	104.65116279069768
13	4782311	106.9767441860465
13	4838001	109.30232558139534
13	4983873	111.62790697674419
13	5131274	113.95348837209302
13	5150076	116.27906976744187
13	5174104	118.6046511627907
13	5224122	120.93023255813952
13	5308312	123.25581395348837
13	5426728	125.5813953488372
13	5547703	127.90697674418605
13	5601871	130.2325581395349
13	5618632	132.5581395348837
13	5662000	134.88372093023256
13	5780611	137.2093023255814
13	5902179	139.53488372093022
13	6201246	141.86046511627907
13	6688430	144.1860465116279
13	6919537	146.51162790697674
13	6935387	148.8372093023256
13	6958690	151.1627906976744
13	7058180	153.48837209302326
13	7492621	155.8139534883721
13	7861545	158.13953488372093
13	8527115	160.46511627906978
13	9348472	162.7906976744186
13	9594727	165.11627906976744
13	9683888	167.4418604651163
13	9708736	169.7674418604651
13	9732394	172.09302325581396
13	9816156	174.41860465116278
13	9897891	176.74418604651163
13	9917304	179.06976744186048
13	9932184	181.3953488372093
13	9937778	183.72093023255815
13	9986864	186.04651162790697
13	10115114	188.37209302325581
13	10241496	190.69767441860466
13	10379255	193.0232558139535
13	10571250	195.3488372093023
13	10744379	197.67441860465115
13	10848120	200.0
13	10962770	202.32558139534885
13	11111918	204.6511627906977
13	11228838	206.97674418604652
14	781573	0.0
14	1696492	2.3255813953488373
14	1846485	4.651162790697675
14	1901212	6.976744186046512
14	1976523	9.30232558139535
14	2200547	11.627906976744185
14	2457424	13.953488372093023
14	2692108	16.27906976744186
14	2903473	18.6046511627907
14	2950554	20.930232558139537
14	2966332	23.25581395348837
14	3018062	25.581395348837212
14	3150756	27.906976744186046
14	3375940	30.23255813953488
14	3512762	32.55813953488372
14	3560792	34.883720930232556
14	3631160	37.2093023255814
14	3661681	39.53488372093023
14	3840920	41.86046511627907
14	4091234	44.18604651162791
14	4181113	46.51162790697674
14	4204131	48.837209302325576
14	4285655	51.162790697674424
14	4402783	53.48837209302325
14	4452619	55.81395348837209
14	4480723	58.139534883720934
14	4520486	60.46511627906976
14	4635021	62.7906976744186
14	4730977	65.11627906976744
14	4776084	67.44186046511628
14	4847277	69.76744186046511
14	5035164	72.09302325581395
14	5253548	74.4186046511628
14	5548126	76.74418604651163
14	5921785	79.06976744186046
14	6077540	81.3953488372093
14	6388099	83.72093023255815
14	6709132	86.04651162790698
14	6736713	88.37209302325581
14	6818938	90.69767441860465
14	6902134	93.02325581395348
14	6916169	95.34883720930233
14	6966978	97.67441860465115
14	7014275	100.0
14	7154926	102.32558139534885
14	7287342	104.65116279069768
14	7298161	106.9767441860465
14	7316708	109.30232558139534
14	7342655	111.62790697674419
14	7382370	113.95348837209302
14	7424518	116.27906976744187
14	7447092	118.6046511627907
14	7476020	120.93023255813952
14	7655409	123.25581395348837
14	7831065	125.5813953488372
14	7902682	127.90697674418605
14	7975980	130.2325581395349
14	8158778	132.5581395348837
14	8373021	134.88372093023256
14	8475280	137.2093023255814
14	8566740	139.53488372093022
14	8631028	141.86046511627907
14	8672768	144.1860465116279
14	8703670	146.51162790697674
14	8734790	148.8372093023256
14	8839157	151.1627906976744
14	8946919	153.48837209302326
14	8976667	155.8139534883721
14	8999410	158.13953488372093
14	9043063	160.46511627906978
14	9100127	162.7906976744186
14	9139041	165.11627906976744
14	9163878	167.4418604651163
14	9247124	169.7674418604651
14	9316349	172.09302325581396
14	9373042	174.41860465116278
14	9458776	176.74418604651163
14	9533935	179.06976744186048
14	9600436	181.3953488372093
14	9688004	183.72093023255815
14	9910032	186.04651162790697
14	10105969	188.37209302325581
14	10144440	190.69767441860466
14	10146661	193.0232558139535
14	10261248	195.3488372093023
14	10378552	197.67441860465115
14	10419231	200.0
14	10563423	202.32558139534885
15	614564	0.0
15	1259963	2.3255813953488373
15	1295886	4.651162790697675
15	1334209	6.976744186046512
15	1853367	9.30232558139535
15	2622639	11.627906976744185
15	2941770	13.953488372093023
15	2992660	16.27906976744186
15	3046939	18.6046511627907
15	3111423	20.930232558139537
15	3226554	23.25581395348837
15	3365364	25.581395348837212
15	3539851	27.906976744186046
15	3854345	30.23255813953488
15	4060790	32.55813953488372
15	4088692	34.883720930232556
15	4132813	37.2093023255814
15	4206414	39.53488372093023
15	4259886	41.86046511627907
15	4381996	44.18604651162791
15	4597417	46.51162790697674
15	4736304	48.837209302325576
15	4772350	51.162790697674424
15	4779558	53.48837209302325
15	4790285	55.81395348837209
15	4839706	58.139534883720934
15	4939991	60.46511627906976
15	5023478	62.7906976744186
15	5056357	65.11627906976744
15	5066043	67.44186046511628
15	5168074	69.76744186046511
15	5453027	72.09302325581395
15	5639319	74.4186046511628
15	5651794	76.74418604651163
15	5860186	79.06976744186046
15	6070774	81.3953488372093
15	6187019	83.72093023255815
15	6335117	86.04651162790698
15	6500551	88.37209302325581
15	6626843	90.69767441860465
15	6725281	93.02325581395348
15	6827007	95.34883720930233
15	6838327	97.67441860465115
15	6845899	100.0
15	6874212	102.32558139534885
15	6920460	104.65116279069768
15	6946153	106.9767441860465
15	6950279	109.30232558139534
15	6984502	111.62790697674419
15	7025977	113.95348837209302
15	7052520	116.27906976744187
15	7084692	118.6046511627907
15	7122653	120.93023255813952
15	7219930	123.25581395348837
15	7299657	125.5813953488372
15	7321356	127.90697674418605
15	7352304	130.2325581395349
15	7440973	132.5581395348837
15	7566280	134.88372093023256
15	7637872	137.2093023255814
15	7678977	139.53488372093022
15	7753572	141.86046511627907
15	7866569	144.1860465116279
15	7944511	146.51162790697674
15	7975748	148.8372093023256
15	8012631	151.1627906976744
15	8036904	153.48837209302326
15	8049165	155.8139534883721
15	8103606	158.13953488372093
15	8150471	160.46511627906978
15	8167444	162.7906976744186
15	8280222	165.11627906976744
15	8418093	167.4418604651163
15	8601330	169.7674418604651
15	8749859	172.09302325581396
15	8765452	174.41860465116278
15	8817509	176.74418604651163
15	8877080	179.06976744186048
15	8919174	181.3953488372093
15	8960196	183.72093023255815
15	8981032	186.04651162790697
15	9067781	188.37209302325581
15	9159279	190.69767441860466
15	9350107	193.0232558139535
16	498566	0.0
16	1335694	2.3255813953488373
16	1691241	4.651162790697675
16	1760412	6.976744186046512
16	1984597	9.30232558139535
16	2181367	11.627906976744185
16	2208656	13.953488372093023
16	2280787	16.27906976744186
16	2444978	18.6046511627907
16	2647054	20.930232558139537
16	2777565	23.25581395348837
16	2834653	25.581395348837212
16	2986803	27.906976744186046
16	3156938	30.23255813953488
16	3236488	32.55813953488372
16	3266680	34.883720930232556
16	3390910	37.2093023255814
16	3560368	39.53488372093023
16	3614324	41.86046511627907
16	3623921	44.18604651162791
16	3645673	46.51162790697674
16	3673919	48.837209302325576
16	3691850	51.162790697674424
16	3711080	53.48837209302325
16	3725634	55.81395348837209
16	3798460	58.139534883720934
16	3883454	60.46511627906976
16	3946410	62.7906976744186
16	4001142	65.11627906976744
16	4026525	67.44186046511628
16	4088413	69.76744186046511
16	4210165	72.09302325581395
16	4296989	74.4186046511628
16	4307026	76.74418604651163
16	4316288	79.06976744186046
16	4375240	81.3953488372093
16	4440930	83.72093023255815
16	4481181	86.04651162790698
16	4522956	88.37209302325581
16	4550911	90.69767441860465
16	4780100	93.02325581395348
16	5033820	95.34883720930233
16	5190295	97.67441860465115
16	5310688	100.0
16	5336328	102.32558139534885
16	5534218	104.65116279069768
16	5707019	106.9767441860465
16	5715388	109.30232558139534
16	5763796	111.62790697674419
16	5807607	113.95348837209302
16	5911722	116.27906976744187
16	6040199	118.6046511627907
16	6084509	120.93023255813952
16	6213289	123.25581395348837
16	6368195	125.5813953488372
16	6438931	127.90697674418605
16	6495554	130.2325581395349
16	6548358	132.5581395348837
16	6572628	134.88372093023256
16	6617016	137.2093023255814
16	6687223	139.53488372093022
16	6744006	141.86046511627907
16	6812881	144.1860465116279
16	6911800	146.51162790697674
16	6992197	148.8372093023256
16	7125059	151.1627906976744
